
Last position-specific scoring matrix computed, weighted observed percentages rounded down, information per position, and relative weight of gapless real matches to pseudocounts
           A  R  N  D  C  Q  E  G  H  I  L  K  M  F  P  S  T  W  Y  V   A   R   N   D   C   Q   E   G   H   I   L   K   M   F   P   S   T   W   Y   V
    1 D   -2  2  0  4 -4  1  2 -2 -1 -2 -2  0  4 -2 -3 -1 -2 -3 -1 -2    0  15   3  36   0   6  11   2   0   0   0   1  22   1   0   0   0   0   2   0  0.41 0.14
    2 V    0  0  2 -2 -3  0  0 -1 -2  0 -1 -1  1 -3  1 -1  0 -4 -1  3   10   4  12   0   0   3   5   3   0   4   1   3   4   0   6   2   7   0   2  34  0.19 0.19
    3 P    0  0 -1 -1 -3 -1 -1 -2  1  0 -1  0  1 -2  4 -1  0 -4 -3  1    7   5   2   3   0   3   4   3   4   5   5   6   4   1  26   4   7   0   0  12  0.31 0.21
    4 D   -2 -1  2  4 -5  0  1 -1  0 -3 -2  1  0 -3  0  0 -1 -5 -1 -3    1   3  10  31   0   3   7   5   2   0   4  10   3   0   5   7   2   0   2   2  0.41 0.28
    5 M   -1  0 -2 -1 -2 -1 -1 -3 -1  2  1 -2  6 -1  0 -1 -1 -4 -2  1    4   4   2   3   1   3   5   1   1  11  11   2  28   1   5   3   2   0   1  11  0.39 0.32
    6 G   -1  1  3  1 -4  0  0  1 -1 -3 -4  1 -3 -2 -2  2  1 -5 -4 -3    3   8  18   8   0   3   5  13   1   1   0   9   0   2   1  17  11   0   0   1  0.34 0.26
    7 R   -4  8 -2 -3 -2 -2 -3 -5 -4 -7 -6  2 -5 -6 -6 -2 -5 -6 -5 -6    1  79   1   2   1   1   1   1   0   0   0  10   0   0   0   3   0   0   0   0  2.00 0.83
    8 R   -4  8 -2 -6 -7 -2 -4 -4 -4 -7 -4 -1 -5 -7 -6 -5 -1 -7 -6 -4    1  87   2   0   0   1   0   1   0   0   2   2   0   0   0   0   3   0   0   1  2.24 0.92
    9 Q   -1  2  1  2 -3  4  2 -1 -2 -4 -4  1 -2 -2 -3  0  0 -3 -2 -4    4  13   8  14   0  18  15   3   0   0   1   8   1   2   1   5   6   0   1   0  0.42 0.29
   10 F   -3 -6 -6 -7 -2 -6 -6 -7 -5  0  2 -3  0  8 -7 -5 -2  2 -1 -1    2   0   0   0   1   0   0   0   0   4  16   2   2  65   0   0   2   2   0   5  1.64 0.69
   11 M   -2 -5 -5 -6 -2 -4 -5 -5 -5  1  5 -3  4  2 -5 -1 -2  1 -3  0    3   0   0   0   1   0   0   0   0   7  55   1  12   7   0   4   2   2   0   6  0.87 0.47
   12 N   -1  0  3 -2  1 -1 -1  1 -1 -1 -2  2 -2 -1 -3  0  1 -2  1 -1    5   3  21   1   4   1   2   9   1   4   4  14   1   2   0   8   8   0   7   6  0.19 0.20
   13 L    0  0 -1 -3 -2 -2 -2 -1 -2  0  2 -1  0  0 -3 -1  0  5  2  0   11   5   3   0   1   1   1   6   1   5  23   5   1   4   0   3   7   8   8   7  0.18 0.17
   14 L    2 -3 -2 -4  0 -3 -3 -1 -3  1  2 -2  2  1 -3 -1  0 -3  0  1   21   0   1   0   1   0   0   4   0   7  27   2   7   5   0   3   6   0   3  10  0.27 0.23
   15 A    1 -4 -3 -4  1 -3 -3  1 -4  0  2 -3  0  0 -3  0  3 -1 -3  1   11   0   0   0   3   0   0  13   0   4  19   0   2   3   1   7  25   1   0  10  0.32 0.28
   16 F    1 -2 -3 -3  0 -2 -3  2 -3  1  1 -1  1  0 -3  0  0  1 -2  1   11   2   0   0   2   1   0  20   0   7  17   3   4   5   0   5   5   2   1  14  0.17 0.16
   17 G    2 -3 -3 -4 -2 -3 -4  5 -4  0 -1 -3 -1 -1 -4  0 -1 -2 -2  1   19   1   0   0   1   0   0  40   0   4   5   1   1   3   0   5   4   0   1  13  0.56 0.34
   18 T    2 -3 -1 -3  0 -3 -3  1 -3 -1  0 -3  0  0 -3  1  1  3 -2  2   20   0   3   0   2   0   0  10   0   3   8   0   3   4   0  14  11   5   0  15  0.24 0.23
   19 V    2 -4 -3 -4  0 -3 -3  4 -4  1  1 -3  0 -2 -3  0 -1 -4 -4  1   20   0   0   0   2   0   1  30   0   9  12   0   2   2   1   8   4   0   0   9  0.41 0.29
   20 T    4 -4 -4 -4  0 -4 -4  3 -4 -1 -1 -4 -1  1 -4  1  0 -4 -4  1   35   0   0   0   2   0   0  23   0   2   7   0   1   6   0   8   6   0   0  10  0.52 0.37
   21 G    1 -3  0 -3 -2 -2 -3  1 -3  1  1 -3  0  1 -2  1  0 -3  0  2   14   0   4   0   1   1   1  10   0   6  15   0   1   6   1   9   5   0   3  21  0.18 0.18
   22 V    2 -3 -3 -4  1 -3 -4  4 -4 -1 -1 -1  0 -1  1  1 -1 -4 -2  0   19   1   0   0   3   0   0  31   0   3   5   3   3   3   8   9   4   0   1   7  0.40 0.30
   23 A    3 -4 -3 -5 -2 -4 -4 -1  0  1  1 -4 -1  0 -4 -1  0 -2 -1  3   32   0   1   0   1   0   0   5   3   8  14   0   1   3   0   2   6   0   1  22  0.44 0.33
   24 L    3 -4 -3 -4 -1 -3 -4  3 -4 -1  0 -2 -2 -2  2  0 -2 -5 -2  2   24   0   0   0   1   0   0  21   0   3  10   3   0   1  10   8   2   0   1  16  0.39 0.31
   25 G    3 -3 -1 -3  0 -2 -2  3 -3 -1  0 -3 -1  0 -2  0  1 -1  0  1   24   0   3   0   2   1   1  23   0   3   8   0   1   4   1   6   8   1   3   9  0.27 0.23
   26 A    3 -4 -4 -4  0 -3 -3  0  0  1  1 -3  3  0 -3 -1  1 -1 -2  2   26   0   0   0   1   0   0   6   3   7  13   0   8   4   1   3   8   1   1  16  0.30 0.26
   27 L    2 -4 -4 -4 -1 -4 -3  1 -4  2  3 -4  0  0  0 -1 -1  0 -2  2   18   0   0   0   1   0   1  10   0   9  28   0   1   3   5   5   3   2   1  13  0.31 0.27
   28 Y    1 -2 -4 -4  0 -3 -3  0 -3  1 -1 -2 -1  2 -3 -2 -1  6  4  2   12   2   0   1   2   1   1   9   0   7   4   2   1   7   1   2   3  11  15  20  0.43 0.31
   29 P    2 -3 -1 -4 -2 -3 -3  1 -3 -2 -4 -1 -3 -3  6 -1 -1 -6 -4 -2   16   1   3   0   1   1   1   9   0   3   2   3   1   1  47   4   3   0   0   3  1.03 0.54
   30 L    0 -3 -3 -4  3 -3 -3 -1 -3  1  0 -3  2  4 -2 -2 -2 -2  3  2    7   1   1   0   8   1   1   4   0   6   9   1   6  22   2   2   2   0  11  17  0.41 0.28
   31 V    1 -2 -2 -2 -2 -2 -2  0 -2  2  1 -1  0  1 -3  0  0 -2  0  2   15   1   2   2   0   1   1   6   1  14  15   4   1   6   0   5   4   1   4  19  0.16 0.16
   32 K    1  2  1  1 -2  0  0 -1 -1 -2 -2  2 -1 -2  0  2  0  1  0 -2   10  11   6   9   0   4   3   4   1   1   4  12   2   1   3  18   3   2   3   2  0.16 0.16
   33 Y   -1 -3 -2 -3 -1  2 -1 -3 -2 -3 -2 -1 -1  5 -3  3 -1  0  4 -2    4   1   2   1   2  12   2   1   1   0   3   2   2  23   1  22   3   1  16   2  0.52 0.36
   34 F    0 -4 -4 -3 -2 -3 -2 -4 -4  1  3 -3  4  4 -3 -2 -2  5 -1 -1    7   0   0   2   1   1   3   0   0   5  33   1  11  17   1   3   2   9   1   4  0.57 0.35
   35 I    0 -1  1 -1 -3  0 -1  0 -2  1  1 -1  1  2 -2  0 -1  0  0  1   11   3  11   2   0   3   4   6   0   7  12   2   3  10   1   5   1   1   4  12  0.06 0.10
   36 P   -1 -3 -2  0 -6 -3 -4 -3 -2 -6 -4 -3 -5 -1  8 -2 -3 -6  0 -5    5   2   2   5   0   1   0   2   1   0   1   1   0   3  68   3   1   0   4   1  1.78 0.77
   37 P    0  1  0  0 -5 -1 -2 -2 -3 -4 -2 -1 -4  0  5  2 -1 -5 -4 -3    6   8   5   6   0   2   2   3   0   0   4   4   0   5  32  18   4   0   0   2  0.59 0.38

                      K         Lambda
PSI Ungapped         0.1389     0.3188
PSI Gapped           0.0425     0.2670
