
Last position-specific scoring matrix computed, weighted observed percentages rounded down, information per position, and relative weight of gapless real matches to pseudocounts
            A   R   N   D   C   Q   E   G   H   I   L   K   M   F   P   S   T   W   Y   V   A   R   N   D   C   Q   E   G   H   I   L   K   M   F   P   S   T   W   Y   V
    1 A     4  -2  -2  -2   0  -1  -1   0  -2  -1  -2  -1  -1  -2  -1   1   0  -3  -2   0  100   0   0   0   0   0   0   0   0   0   0   0   0   0   0   0   0   0   0   0  0.41 0.00
    2 Y     1   2   1   0  -3   2   2  -2  -1  -3  -3   2  -2  -3   2  -1  -1  -3   0  -3   17  11   7   5   0   9  14   0   0   0   0  19   0   0  13   0   0   0   4   0  0.34 0.11
    3 P     1  -1  -1   0  -3   2   1   0  -2  -2  -2   0  -2   0   3   0  -1  -4  -3  -2   17   2   2   5   0  15  11   7   0   3   2   6   0   5  14   6   3   0   0   1  0.24 0.17
    4 M     0  -1  -1  -2  -4   0  -1  -1   0   0   0  -1   2   1   0   0   0   7   0  -1    9   3   2   2   0   6   4   5   3   6  10   3   5   6   4   7   5  17   3   4  0.30 0.23
    5 P     0  -1   1   0  -4   0   1  -1  -3  -1  -1   0  -2   0   3   2   0  -4  -1  -1    9   4   8   4   0   4  10   5   0   3   5   4   1   4  13  15   5   0   2   4  0.17 0.17
    6 N     0   0   0   1  -4   1   1   0   0  -1  -2   1  -3  -1   3   0  -1  -4   1  -2    8   6   5   8   0   6  11   6   3   4   4   8   0   2  13   7   2   0   5   2  0.18 0.18
    7 P     0   0  -1   1  -4   0   1  -1   0  -1  -1   1   0  -1   2   0   0   0   0  -1   10   6   3   7   0   4   9   5   2   4   5   9   3   3  12   6   4   1   4   3  0.11 0.12
    8 F    -1  -1   0  -2  -1   0  -2  -1   0   1   0  -2   3   2   0  -1   0   2   2   1    5   4   4   2   1   4   1   5   3   8  10   2   8   8   5   5   6   3   7   8  0.09 0.12
    9 P     0   1   1   0  -2   1   2  -1  -1  -2  -2   1   2  -3   1   0   1  -5  -2  -1    7   6   6   5   1   5  15   5   1   3   3   9   6   1   6   7   9   0   1   3  0.17 0.20
   10 P    -1  -3  -1  -3   0  -2  -4  -3  -1   2   1  -1   1   0   3  -2   0   3  -1   2    6   2   3   2   2   2   1   3   2  11  14   4   4   4  12   3   6   3   2  15  0.29 0.21
   11 F    -1   1  -1  -1  -2   1   1  -2   1   1  -2   1   2   0  -3  -1   1   0   0   1    6   7   3   3   1   7  10   4   4   7   4   7   5   4   1   5   9   1   4   8  0.11 0.11
   12 R    -2   2  -1   0  -4   3   3  -4   1  -4  -3   3  -1  -4   0  -1  -1   2  -3  -4    4  11   3   5   1  13  17   2   3   1   3  17   2   1   5   4   4   2   1   1  0.49 0.39
   13 I    -4  -5  -7  -5  -5  -5  -4  -5  -2   5   3  -5   0   0  -3  -3  -4  -4  -3   4    2   1   0   1   0   1   2   1   1  30  22   1   2   4   2   2   1   0   1  25  1.09 0.54
   14 A     2  -1   1   0  -2  -3  -1   0   0  -1  -2  -1  -2   0  -1   1   2  -2   0  -1   18   3   6   5   1   1   4   8   2   3   4   4   1   4   4  11  11   1   3   5  0.16 0.16
   15 G    -2  -2   0   5  -9  -3   3   0  -3  -4  -4   0  -2  -5   4  -1  -2  -9  -5  -4    4   3   5  24   0   1  15   9   1   1   2   5   1   1  19   5   2   0   1   2  0.72 0.51
   16 N    -4   2   4   2  -5  -1  -2   4   3  -6  -5  -1  -2  -3  -2   0  -1  -3  -3  -5    2   9  16   9   0   3   2  29   7   1   1   4   1   1   2   6   4   1   1   1  0.70 0.47
   17 L    -2  -7  -4  -4  -1  -7  -6  -5  -5   4   2  -7  -1   0  -4  -4   1  -3  -4   5    4   0   1   1   1   0   1   1   0  23  17   0   2   3   1   1   7   0   1  33  1.03 0.56
   18 Y    -4  -2  -4  -4  -2  -3  -3  -3   3  -1  -2  -5  -4   4  -7  -3   0   7   7  -1    2   2   1   1   1   2   2   3   7   4   4   1   1  14   0   2   6  13  30   5  1.26 0.71
   19 Y     0   2  -4  -5   1   1  -2  -4   1   0   1  -1   1   1  -2  -3  -1   5   2   2    9  10   1   1   3   6   2   1   3   5  11   3   4   5   2   2   4   8   6  13  0.34 0.25
   20 V    -1  -4  -4  -6  -1  -6  -6  -4  -1   5   3  -7   0   2  -4  -5  -3   0   1   3    6   1   1   1   1   0   1   2   2  25  22   0   2   8   1   1   2   2   4  19  0.84 0.46
   21 G    -2   1   0   2  -3  -1   0   3   0  -1  -3   0  -3  -2   0  -1   2  -2  -2  -1    4   8   4   9   1   3   7  21   2   3   3   5   1   2   6   5  10   1   2   4  0.24 0.22
   22 T     0  -3   0   0  -2  -1   0   3   1   0  -1  -2  -1   0   1   0   0   1  -1   0    7   2   4   5   1   3   6  19   3   6   6   2   1   4   6   6   6   2   2   8  0.12 0.11
   23 D    -1   2   0   0   0   0  -1   1  -1   0   0   0   0   0   0   0  -1   0   0   0    5  11   4   5   2   3   4  12   2   5   9   4   3   5   5   6   4   1   4   6  0.04 0.04
   24 D     0  -1   1   1  -2   0  -2   2   2  -2  -2  -1   0   0   1   0   0   1   0  -2    7   3   7   7   1   5   3  16   4   3   5   3   2   3   8   8   6   2   3   3  0.14 0.13
   25 L     0  -1   1  -3   2  -1  -3   1   3   0  -2  -3  -1  -1  -2   1   1  -2   0   2    8   3   7   2   4   3   2   9   6   4   4   1   1   3   2  12  10   1   4  14  0.20 0.18
   26 A     1  -2   6  -1   0  -2  -4  -3   1  -4  -2  -5  -2  -2  -2   2   1   0   0  -3    9   3  35   3   2   2   1   3   3   1   4   1   1   2   2  13   7   1   3   2  0.82 0.56
   27 S     1  -5  -4  -7   6  -2  -8   1  -3   1  -3  -6   1  -2  -3   3   1  -3  -3   1   13   1   1   0  13   2   0  11   1   6   3   0   4   2   2  20   9   1   1  10  0.64 0.44
   28 Y    -2  -6  -4  -7  -2  -5  -8  -1  -1   1   0  -7  -1   4  -5  -3   0   3   7   1    4   1   1   0   1   1   0   5   1   7  10   0   2  14   1   2   6   3  30  10  1.04 0.60
   29 L    -1  -3  -7  -7  -3  -4  -3  -4  -3   3   4  -5   0   2  -6  -5  -5   1   1   2    5   2   0   0   1   1   2   2   1  13  39   1   2   8   1   1   1   2   4  15  0.89 0.50
   30 I    -3  -6  -6  -8  -3  -7  -6  -8  -5   6   2  -7  -1   1 -11  -6  -7  -1   0   4    3   1   0   0   1   0   1   0   0  35  20   0   2   6   0   1   0   1   3  25  1.38 0.70
   31 V    -2   2   0   1  -2   1   3  -2   0   0  -2   2  -1  -2  -4  -1   0   0  -2   1    4  10   4   7   1   7  17   4   2   6   4  10   1   2   1   5   5   1   2   8  0.22 0.19
   32 T    -1  -2   0   3  -1  -1  -2   2   3  -1  -2  -2  -1   0  -4   0   2  -2   0  -1    5   3   4  13   2   2   3  16   6   4   5   2   1   4   1   8  14   1   3   4  0.25 0.21
   33 P    -1   0   1   3  -2  -1   2   2  -1  -3  -4   1  -3  -5   2   0  -1  -3  -2  -3    5   5   7  14   1   3  11  16   2   2   2   7   1   1  10   6   4   0   1   2  0.33 0.26
   34 R    -2   0   2   4  -4  -1   2   3   0  -5  -5   1  -4  -5  -2  -1  -1  -3  -3  -4    4   5   9  18   0   3  12  19   2   1   2   8   1   1   2   5   4   0   1   2  0.48 0.34
   35 G    -1   1   0   0  -1   0   1   3   1  -2  -2   2  -2  -1  -3  -1   1  -3  -1  -2    5   8   4   5   1   4   9  19   3   2   4  11   1   3   2   5   8   1   2   3  0.21 0.18
   36 N     1   1   1  -2   1  -2  -3  -2   0   1   0   0  -1  -1  -1   0   1   1   0   1   12   7   7   2   3   2   1   4   3   7   9   6   1   3   3   6   9   2   3  11  0.10 0.10
   37 I     0  -6  -7  -5  -2  -9  -9  -6  -4   5   2  -9   2   2 -10  -6  -1   0   1   4    7   0   0   1   1   0   0   1   0  27  19   0   4   6   0   1   5   1   5  21  1.03 0.55
   38 L    -2  -8  -6  -8  -3  -6  -8  -6  -4   3   5  -8   3  -1 -11  -6  -7  -1  -2   3    4   0   1   0   1   0   0   1   1  13  49   0   6   3   0   1   0   1   2  18  1.35 0.72
   39 I    -5 -11 -12  -6  -2  -5  -7  -9  -6   6   0 -11  -1   4  -6  -8  -2   0  -1   4    1   0   0   1   1   1   1   0   0  40  10   0   1  13   1   0   3   1   2  24  1.52 0.77
   40 N    -6  -8  -1   8 -14 -11  -2  -4  -4  -6  -9  -8 -13  -7  -8  -5  -6 -15  -4  -7    1   0   3  85   0   0   3   2   1   1   0   0   0   0   0   1   1   0   1   1  2.96 1.48
   41 S     2  -5  -5  -4   4  -7  -7  -2  -2  -3  -3  -6  -1  -2   5   0   4  -4  -4  -1   18   1   1   1   8   0   0   3   1   2   3   1   1   2  24   7  20   0   1   4  0.90 0.63
   42 D    -2  -7  -3  -6   1  -3  -4   6  -3  -3  -3  -7  -2   0   0  -2  -3   2   0  -2    4   0   1   1   2   2   1  57   1   2   3   0   1   3   5   4   2   2   3   3  1.26 0.75
   43 L    -1  -2   0  -1   0  -2   0  -1   0   0   1  -2   2   2   1   0   0   2   1   0    6   3   4   4   2   1   6   5   2   6  11   2   4   8   8   8   6   3   5   5  0.09 0.09
   44 E    -1   0   1   2  -3  -1  -1   2   1  -2  -3  -1  -1  -1   1   2   0   0  -1  -3    6   4   5  10   1   2   4  17   3   2   3   4   1   2   8  13   6   1   3   2  0.22 0.21
   45 A     0   0   0   1  -1   0   0   0   0   0  -1   0  -1   0   1   0   0   0   0   0    8   5   5   7   2   3   6   7   3   5   6   4   2   5   8   7   7   2   3   5  0.04 0.04
   46 N     0   0   0   1   0   0   0   0   1  -1  -1   0   0   0   0   1   0   0   0  -1    8   5   5   9   2   5   6   7   3   3   5   4   2   3   5  11   6   1   4   4  0.05 0.05
   47 V     1   0  -1  -1   0  -1   0   0  -1   0   0  -1   0   0   0   0   0   1   0   0   15   5   2   4   3   3   5   8   2   7   8   3   3   5   4   6   5   2   4   7  0.03 0.03
   48 P     0   1   0   2  -2   1   2   0   0  -2  -2   1  -1  -2   0   0  -1  -1  -1  -2    8   9   4  11   1   6  13   8   2   2   4   7   1   2   5   6   4   1   2   3  0.15 0.13
   49 M     1   1   0   0  -1   1   1  -1   1  -1  -1   1  -1  -2   0   0  -1   0  -1  -1   11   7   4   6   1   7  10   6   3   3   7   7   2   2   4   7   4   1   3   4  0.07 0.07
   50 I     0  -2  -2  -2  -2  -3  -3  -2  -1   3   3  -3   1   1  -2  -2  -1   1   1   1    7   2   2   2   1   1   2   3   2  16  25   2   3   6   2   4   4   2   4  11  0.35 0.18
   51 K     0   1  -2  -1  -2   0   0  -2   0   1   2   0   1   1  -1  -2  -1   1   0   1    6   7   2   4   1   4   5   3   3   8  20   6   3   5   4   3   3   2   3   9  0.10 0.08
   52 A     1   2   1   2  -3   1   2  -2   0  -3  -3   1  -2  -3   1   0  -1  -2  -2  -3   11  10   6   9   1   6  13   3   2   2   3   9   1   1   8   7   4   1   2   2  0.25 0.23
   53 S     1   2   1   0  -1   1   0  -2   1  -1  -1   0  -1   0  -2  -1  -1   1   2  -1   13   9   6   4   2   8   6   3   3   4   7   5   2   4   2   5   3   2   6   5  0.09 0.10
   54 I    -1  -3  -4  -5  -2  -4  -4  -6  -3   4   4  -4   2   1  -3  -4  -3  -2  -1   1    6   2   1   1   1   1   1   1   1  17  39   2   5   5   2   2   2   1   2   9  0.79 0.44
   55 K     1   2   0   1  -3   1   2  -1   0  -1  -2   2  -1  -3  -1   0  -1  -1  -2  -2   11  11   4   6   1   6  11   5   2   3   5  13   2   1   3   6   4   1   2   3  0.18 0.17
   56 K     1   2   0   0  -3   1   2  -1   0  -3  -2   2  -2  -2   0   1  -1  -2  -1  -3   10  10   4   6   1   7  12   5   2   2   4  12   1   2   4   9   4   1   2   2  0.19 0.19
   57 L     0   0   0  -1  -1   0   0  -2   2   1   2  -1   0   0   0  -1  -1   0   0   0    9   5   4   3   2   5   5   3   4   8  20   4   2   3   4   4   4   1   3   6  0.09 0.07
   58 G    -1  -1   1   0  -2  -1  -1   4   0  -2  -2   0  -1  -2   0  -1  -1  -1  -1  -2    5   3   7   5   1   3   5  32   2   3   5   5   2   2   5   5   4   1   2   3  0.36 0.21
   59 F    -1  -1  -1  -2   0  -1  -1  -1  -1   2   2  -1   0   1  -2  -1  -1  -1   1   2    5   4   3   3   2   2   4   5   2  13  17   4   2   6   3   5   3   1   4  12  0.13 0.07
   60 K     0   1   1   2  -1   0   0   0   0  -1  -2   1  -2  -2   1   1   1  -1  -2  -2    7   6   6  12   1   4   6   6   3   3   5   8   1   2   6   9   8   1   2   3  0.12 0.09
   61 F    -1  -1  -1   0  -1  -1  -1   0  -1   1   1  -1   0   0   3  -1  -1   0  -1   0    6   4   3   5   1   2   4   7   1   7  13   5   3   4  17   5   4   1   2   5  0.15 0.11
   62 S     0   1   0   1  -2   0   1   0   1  -2  -1   2  -1  -1   0   1   0  -2  -2  -2    6   6   4   9   1   4  10   7   3   2   6  11   1   2   5   9   5   1   2   3  0.11 0.10
   63 D    -1   1   0   3  -2   1   1  -1   0  -4  -4   3  -3  -4   2   0   0  -5  -4  -4    5   9   5  15   1   6   9   4   2   1   2  14   1   1  11   6   5   0   1   1  0.38 0.32
   64 T    -1  -5  -4  -6  -2  -4  -5  -6  -3   5   2  -3  -1  -2   1  -5  -3  -5  -4   4    6   1   1   1   1   1   1   1   1  27  20   2   1   2   7   1   2   0   1  23  0.91 0.51
   65 K    -2   1   0   5  -2  -1   0  -4   0  -1  -3   2  -4  -4  -3   0   1  -8  -5  -1    4   7   5  28   1   3   6   2   2   4   3  12   1   1   1   6   9   0   1   4  0.53 0.37
   66 I     2  -1  -2  -1  -1  -1  -3   0   3   0   0  -1  -1   0  -4  -2   0   1   4   0   18   3   2   3   1   2   2   7   5   5   9   4   2   4   1   3   5   2  14   6  0.28 0.22
   67 L    -2  -5  -7 -10  -1  -5 -10  -6  -4   6   2  -6  -1  -1  -7  -7  -4  -1  -4   5    4   1   0   0   2   1   0   1   1  33  16   1   2   3   0   0   2   1   1  33  1.40 0.72
   68 L    -2  -7  -6 -10  -1  -7  -6  -7  -4   4   3 -10  -2   5  -6  -7  -3  -1  -1   3    3   0   0   0   1   0   1   1   1  22  26   0   1  18   1   1   2   1   2  19  1.19 0.62
   69 I    -2  -5   1  -5   1  -4  -4  -6  -3   4   3  -6  -1   1  -4  -3  -2  -1   0   2    4   1   6   1   2   1   1   1   1  22  29   1   2   6   1   2   3   1   3  13  0.74 0.42
   70 S    -6  -7  -3  -5  -3  -6  -7  -3  -3  -5  -6 -10  -5  -7  -4   4   7 -11 -11  -7    1   0   2   1   1   0   1   3   1   1   1   0   0   0   1  27  60   0   0   1  2.10 1.21
   71 H    -4  -3  -1  -3  -3  -3  -3  -4  11  -6  -5  -4 -10  -7  -7  -2  -4 -11  -5 -11    2   2   4   2   1   1   2   2  75   1   1   1   0   0   0   3   1   0   1   0  3.29 1.54
   72 A     1  -1  -1  -1   1  -1  -1   1   2  -1   0  -2   0   1   1   0  -1   2   1  -1   12   3   3   3   3   2   4  10   5   4  10   2   3   6   7   8   4   2   4   3  0.08 0.09
   73 H    -6  -3  -2   1  -5  -2  -2  -4  10  -6  -5  -4  -6  -4  -4  -3  -5  -5  -4  -5    1   2   2   9   0   2   4   2  67   1   2   1   0   1   1   3   1   0   1   1  2.79 1.34
   74 F     0  -1  -2  -1  -1  -1  -1  -1   1   0   0  -2   0   2   3   0  -1   3   2  -1    9   3   2   3   1   3   5   6   3   5   9   2   2   8  13   7   3   4   6   4  0.16 0.15
   75 D    -4  -4  -1   8  -6  -4  -1  -3  -2  -5  -6  -4  -5 -10  -3  -3  -4  -4  -3  -5    2   2   3  72   0   1   4   3   1   1   1   1   0   0   2   3   1   0   1   1  2.15 1.13
   76 H    -5  -2  -1  -4  -2  -4  -4  -6  11  -4  -6  -5  -5  -5  -6  -3  -3  -4  -2  -5    2   3   3   1   1   1   2   1  73   1   1   1   0   1   1   3   2   0   2   1  3.14 1.47
   77 A     1  -4  -2  -4   3  -3  -4  -4   0   4   0  -5   2   2  -4   0   1   1   1   2   11   1   2   1   5   1   1   2   2  18   8   1   4   7   1   6   8   2   5  12  0.40 0.26
   78 A     1  -1   0   0  -2  -2  -3   5  -1  -3  -1  -3   0   0  -3   1  -2   0  -1  -4    9   3   5   6   1   2   2  35   1   2   5   2   3   4   2   9   3   1   2   1  0.52 0.36
   79 G     1  -3   1   0  -1  -2  -2   5  -2  -4  -2  -4  -2  -2  -1   0  -2   1  -2  -3   11   2   6   6   2   2   3  41   1   1   4   1   1   2   4   7   2   2   2   2  0.69 0.45
   80 S     2  -3   1  -3  -1  -4  -5  -4  -1   2   3  -5   2   0  -4  -2  -1  -3  -1   1   15   2   7   2   1   1   1   2   2  10  29   1   4   4   1   3   4   1   2  11  0.49 0.31
   81 E     1   0   0   1  -1   0   0   0   0  -1  -1   0  -1  -1   2   0  -1   1  -1  -1   11   6   5   7   1   4   7   7   2   3   5   6   1   3  11   7   4   2   2   4  0.09 0.10
   82 L     1   1  -1   0  -2   0   1  -1   1  -1   0   0   0   1  -2  -1   0   1   2  -1   11   7   2   6   1   5  11   4   3   3   8   5   2   5   2   4   5   2   7   5  0.08 0.09
   83 I    -2  -5  -4  -5  -3  -4  -5  -5  -2   2   4  -4   1   5  -4  -4  -4   2   1   1    3   1   1   1   1   1   1   1   1  12  33   1   3  21   1   2   2   2   4   8  0.90 0.49
   84 K     1   1  -1  -1   0   1  -1  -2  -1   0   1   1   1  -1   0  -1  -1  -1   0   0   10   9   3   3   2   6   4   3   2   6  14   9   3   3   5   5   3   1   3   6  0.07 0.07
   85 Q     0   1   1   1  -2   1   2  -1   0  -2  -2   2  -1  -2  -1   0  -1  -1  -1  -2    8   8   5   8   1   6  13   6   2   3   5  12   1   2   4   7   4   1   2   3  0.15 0.14
   86 Q     1   2   1   0  -2   0   0  -1   1  -1  -1   1   0   1  -1   0   0   0   0  -1   11  10   6   5   1   5   7   4   3   3   7   8   2   5   3   6   5   1   4   4  0.06 0.05
   87 T    -1   0   0  -1   0  -1  -1  -1   0  -1   0   0  -1   2   3   0   1   0   2  -1    5   5   4   4   2   3   4   5   2   4   8   6   1   7  13   7   8   1   7   3  0.11 0.09
   88 K    -1   0   3   2  -2   0   0   2   1  -3  -4   1  -3  -4   2  -1  -1  -2  -3  -2    4   6  12  10   1   4   6  17   3   2   2   9   1   1   9   6   4   1   1   3  0.32 0.26
   89 A     3  -3  -3  -4   2  -3  -4  -2  -3   2   1  -2  -1  -2   0  -2   0  -2  -3   2   26   2   1   1   4   1   1   3   1  12  12   3   2   2   6   4   6   1   1  12  0.41 0.29
   90 K    -2   2  -1  -1  -3   1   1  -3   1  -1  -3   2  -2  -3   3  -1   2  -3  -2  -1    3   9   3   4   1   5   8   3   3   4   3  13   1   1  15   4  10   1   1   5  0.30 0.28
   91 Y    -3  -4  -5  -7  -2  -4  -6  -5  -2   5   1  -5  -1   1  -4  -4  -3  -1   0   5    3   1   1   0   1   1   1   1   1  28  13   1   2   5   1   2   2   1   3  31  1.06 0.58
   92 M    -1  -4  -5  -6  -1  -4  -6  -5   2   3   1  -5   0   2  -6  -5  -4   4   6   2    5   1   1   1   1   1   1   1   4  16  12   1   2   9   1   1   1   4  25  11  0.98 0.57
   93 V     3  -3  -4  -4   4  -4  -5   2  -3   2   0  -4   3  -1  -4  -1   0  -3  -1   2   21   1   1   1   7   1   1  13   1   9   9   1   5   3   1   5   6   0   2  13  0.44 0.31
   94 M    -1  -3   1  -2  -3   0  -3   0   6  -4  -3  -3  -2  -4   4   2   1  -4  -2  -4    5   1   5   3   1   4   2   8  15   1   3   2   1   1  19  17   8   0   1   2  0.67 0.51
   95 D     1   2  -1   0  -3   0   3  -1   0  -3  -3   2  -3  -3   3   0  -1  -1  -2  -3   10   9   3   6   1   5  16   4   2   2   3  10   1   1  13   7   3   1   1   3  0.30 0.29
   96 E     1   0   0   1  -2   0   1   1   0  -2  -1   1  -1  -1   0   0  -1  -1   0  -2   11   6   5   7   1   4  10  11   2   3   7   8   1   3   5   6   4   1   3   3  0.07 0.08
   97 D     0  -3  -2   2   1  -2   3  -1  -1  -1  -1  -3  -1  -1  -3   0   2  -2  -2   1    9   2   2  12   3   2  16   5   1   4   6   2   2   3   2   6  14   1   1   9  0.26 0.24
   98 V     1   1  -1  -1  -2  -1   0  -2   0   0   1   1   0  -1  -2  -1  -1   3   1   0   14   8   3   4   1   3   6   3   2   6  11   8   3   3   3   4   4   4   5   6  0.09 0.09
   99 S     1   1   0   2  -3   1   3  -2   1  -3  -3   2  -2  -2   1  -1  -1  -3  -2  -3   10   8   5  12   1   6  16   3   3   2   3  10   1   2   7   5   4   1   2   3  0.27 0.25
  100 V     0   0  -1  -1  -2  -1   0  -2   1   0   1  -1   1   2  -2  -1  -1   3   2   0    8   5   4   3   1   3   6   4   4   6  12   4   4   8   2   5   4   3   8   5  0.10 0.09
  101 I     1  -3  -3  -4  -1  -3  -3  -3  -2   3   3  -4   2   1  -3  -2  -2   2   1   1   10   1   1   1   2   1   2   3   1  14  26   1   5   6   2   3   3   3   4  10  0.45 0.28
  102 L     0   2   0   0  -1   1   2  -2   1  -2  -1   2  -1  -2  -1   0   0  -1  -1  -1    7  11   4   5   1   6  12   4   3   3   6  10   2   2   4   6   6   1   2   4  0.12 0.13
  103 S     0   2   1   2  -2   1   1   0   1  -2  -2   1  -1  -3  -2   1   0   0  -1  -3    8   9   8   9   1   5   9   8   3   3   4   8   1   1   2   9   6   1   2   2  0.15 0.15
  104 G     0   0   0   0  -2   0   0   0   1  -1   0   0   0   0   2   0   0   1   0  -1    7   5   4   5   1   4   7   7   3   4   9   6   3   5  10   5   5   2   4   4  0.05 0.05
  105 G     0   0   0   0   0   0   0   0   0   0   0   0   0   1   0   0   0   1   1   0    7   4   4   6   2   4   7   9   2   4  12   6   2   6   3   5   4   2   4   5  0.01 0.01
  106 K     0   1   0   1  -2   0   1   0   0  -1  -1   1  -1  -1   1   0  -1   0   0  -1    9   7   5   8   1   4   9   6   2   3   6   8   2   3   8   7   4   1   3   4  0.07 0.08
  107 S     0   0   1   0  -1   0   0  -1   0   0   0   0   0   0   0   0   0   0   1  -1    9   6   6   7   1   3   7   5   3   5  10   4   3   4   5   5   5   1   7   4  0.03 0.03
  108 D     0   0   0   0  -1   0   0  -1   0   0   0   0   0   1   1   0   0   1   1  -1    8   6   4   6   2   4   6   5   2   5   9   6   3   6   6   6   5   2   5   5  0.02 0.02
  109 F     0   1  -1  -1  -1   0   0  -1   0   0   0   0   0   1   0   0   0   1   1   0    7   8   3   4   1   4   6   4   3   5  10   6   3   7   4   6   6   2   6   5  0.03 0.03
  110 H     0   1   0   0  -2   1   1   0   1  -1  -1   0   0   0   0   0   0   0   0  -1    9   8   4   6   1   7   8   7   4   4   6   6   2   4   4   8   5   1   4   4  0.05 0.05
  111 Y    -1   0  -1  -1  -1  -1  -1  -2   0   0   1  -1   1   4  -1  -1  -1   4   3  -1    4   4   3   4   2   3   4   3   2   6  12   4   3  14   4   5   3   6   9   5  0.23 0.14
  112 A     0   1   0   0  -1   0   0   2   0  -1  -1   0   0  -1   1   0   0  -1  -1  -1    8   7   4   5   1   4   6  15   2   4   7   6   2   3   8   7   5   1   2   4  0.07 0.06
  113 N     0   1   0   0  -1   1   1   0   0  -1  -1   0   0  -1   0   0   0   0   0  -1    9   7   5   6   1   5   8   8   3   4   6   7   2   3   5   6   4   1   3   5  0.03 0.02
  114 D     0   0  -1  -1  -1   0   0  -1   0   0   0  -1   1   2   0  -1  -1   2   3   0    7   5   3   4   1   4   7   5   2   5   9   4   3   9   5   5   5   3  10   5  0.10 0.07
  115 S    -1   0   0   0  -2  -1   0  -1   0   1   1  -1   1   2  -1   0   0   1   1   0    6   5   4   5   1   3   5   5   2   7  12   4   4  10   4   6   5   2   5   6  0.04 0.03
  116 S     0   1   0   0  -2   0   0   0   0  -1  -1   0   0   0   1   0  -1   1   0  -1    8   8   4   6   1   4   7   9   3   4   7   7   2   4   8   6   4   2   3   4  0.04 0.04
  117 T     0   0   1   1  -2   0   1   0   0  -1  -1   1   0   0   0   0  -1   0   0  -1    7   6   5   8   1   4  10   8   2   4   7   8   2   4   6   6   4   1   3   4  0.05 0.04
  118 Y     0   0   1   1  -2   0   1   0   1  -1  -1   0   0   0   1   0   0   0  -1  -1    7   6   5   9   1   4   8   7   3   3   5   6   2   4   7   7   6   1   2   5  0.06 0.06
  119 F    -1  -2  -1  -2  -1  -2  -1  -2  -1   2   1  -1   1   3   0  -2  -1   2   2   1    6   2   3   2   1   2   4   3   1  12  11   3   3  12   4   4   4   3   8   9  0.21 0.14
  120 T     0   1   0   1  -2   0   1  -1   0  -1  -1   1  -2  -2   1   0   0  -1  -2  -1    7   6   5   7   1   4  11   5   2   3   6   9   1   2   8   8   6   1   2   5  0.09 0.09
  121 Q     0   0   0   0  -1  -1   0   0   0  -1  -1   0  -1   0   4   0  -1  -2   0  -1    9   4   4   6   1   3   5   7   2   4   6   5   2   4  18   7   4   1   3   4  0.16 0.15
  122 S     0   0  -1   0   0  -1   0  -1   0   1   0   0   0   1   1   0   0   0   1   1    8   5   3   4   2   3   5   5   2   8   8   4   2   7   6   5   5   1   5  11  0.02 0.02
  123 T     0   1   0   1  -1   0   1  -1   0   0  -1   0  -1   0   2   0   0  -1  -1  -1    6   6   4   7   1   3   9   5   2   5   7   7   2   4   9   7   6   1   3   5  0.05 0.05
  124 V     0   1   1   0  -2   0   0  -3   0   0  -1   0  -2  -1   3  -1  -1  -1  -2   1    7   9   6   5   1   4   6   3   2   5   6   7   1   3  16   5   3   1   2   8  0.18 0.17
  125 D    -1  -2   0   2  -2  -2  -1  -3   0   2   0  -2  -1   2  -2  -1   1   2   1   1    5   3   4  13   1   2   4   2   2  11   9   2   2   7   3   4   8   3   5  11  0.19 0.14
  126 K    -2   2   0  -1  -1   0   1  -2   3   2  -1   0  -1  -1  -2  -1   0  -1  -1   1    3  11   4   4   1   5   9   4   7  11   6   7   1   2   2   4   6   1   2   9  0.16 0.13
  127 V    -1  -1  -2   0  -2  -1   1  -2  -1   0   0  -1  -1   0   2  -1   2   0   0   1    6   4   2   4   1   2  10   3   2   6   9   4   1   4  11   5  11   2   4   9  0.11 0.13
  128 L    -2  -4  -4  -4  -1  -4  -4  -4  -2   3   3  -4   1   3  -2  -4  -2   0   1   3    4   1   1   1   1   1   2   1   1  15  25   1   3  12   2   2   2   2   4  17  0.65 0.37
  129 H     0   1   0   2  -2   0   2  -1   0  -2  -2   2  -3  -3   0   1   0  -2  -2  -2    8   7   5  11   1   4  14   5   2   2   4  10   1   1   5   9   6   1   2   3  0.18 0.19
  130 D    -1  -1   0   4  -3  -1   2   0   1  -3  -2  -1  -3  -2   2  -1  -1   1  -1  -2    6   3   5  20   1   3  13   8   3   2   4   4   1   2   9   5   4   2   3   3  0.30 0.26
  131 G    -2   0   1   1  -3  -1   0   5  -1  -3  -3  -1  -3  -1  -2  -1  -2   0  -1  -3    3   4   6   8   1   3   7  36   2   2   3   4   1   3   3   5   3   1   2   2  0.53 0.37
  132 E    -1  -1  -1   3  -3   2   3  -1   1  -2  -2   0   0  -2  -2  -1   0  -2  -1  -2    5   3   3  18   1   8  16   6   3   2   4   6   2   2   2   5   7   1   2   4  0.27 0.24
  133 R    -1   0  -1   0  -2  -1   2  -2   0   0  -2   0  -1  -1   0   0   2   0  -1   1    6   6   3   5   1   3  13   3   2   5   3   7   2   2   6   8  13   1   2  10  0.14 0.15
  134 V    -3  -2  -3  -2  -2  -2  -2  -4  -1   4   3  -3   0   3  -5  -3  -2   1   2   2    2   2   1   2   1   2   3   2   1  19  23   2   2  12   1   2   3   2   6  11  0.55 0.32
  135 E    -1   0   0   2   0   1   2  -3   0  -1  -1   1  -1  -2   0   0   1  -2  -1  -1    5   6   5  12   2   5  13   2   3   4   5   8   1   2   4   7   7   1   2   5  0.14 0.14
  136 L    -1  -4  -2  -1  -2  -3  -3  -2  -2   3   3  -3   0   3  -3  -2  -1   1   0   2    5   1   2   4   1   2   2   3   1  16  25   2   2  10   2   3   3   2   3  12  0.44 0.26
  137 G    -1  -2   0   2  -1  -2   0   5  -2  -3  -3  -1  -3  -2   1  -1  -3  -3  -3  -4    6   3   5  11   1   2   6  35   1   2   3   5   1   2   7   5   2   0   1   1  0.57 0.40
  138 G    -2  -1   2   4  -3  -2   0   4  -1  -4  -5  -1  -4  -4   0   0  -2  -2  -3  -4    3   3   8  17   1   2   7  31   2   1   2   4   1   1   5   6   3   1   1   1  0.63 0.44
  139 T    -1   0  -2  -2  -1  -2  -1  -1   1   2   1  -2   1   2  -2  -2  -1   1   0   2    5   5   2   3   1   2   4   6   3  12  14   3   3   9   2   4   5   2   4  12  0.12 0.08
  140 V    -2   2  -1   0  -2   0   2  -1   1  -1  -3   2  -2  -2  -1   1   2  -2  -2  -1    3   9   4   5   1   5  11   5   3   3   3  11   1   2   3   9  13   1   1   5  0.18 0.18
  141 L    -3  -6  -7  -7  -2  -6  -7  -5  -5   5   3  -6   0   4  -6  -6  -4   1  -3   4    3   1   0   1   1   1   1   1   0  25  21   1   2  13   1   1   1   2   1  24  1.12 0.61
  142 T    -3   3  -2  -1  -1   1   3  -5   1  -1  -2   2  -2  -2  -5  -1   2  -1   0  -1    2  12   2   4   1   6  17   1   3   4   4  11   1   2   1   6  13   1   3   5  0.36 0.32
  143 A     2  -4  -5  -5   2  -5  -5  -2  -3   2   1  -5   0   3   1  -1   0  -1  -2   3   15   1   1   1   3   1   1   4   1  11  12   1   2  11   6   4   5   1   2  19  0.46 0.31
  144 H    -3  -2  -5  -6  -2  -3  -3  -4   2   4   2  -3   1   3  -5  -3  -1  -1   2   2    2   3   1   1   1   1   2   2   4  21  17   2   3  11   1   2   4   1   7  15  0.61 0.36
  145 L     0   0  -1   0  -3  -1   1  -2   4  -4  -2   0  -2   0   4   0  -2   1   1  -3    8   5   4   5   1   3   9   4  10   1   5   6   1   3  18   6   3   2   4   2  0.34 0.30
  146 T     2  -2  -2  -4   0  -3  -4  -1  -2   0   0  -4   0  -2  -1   0   4  -3  -2   2   14   2   2   1   2   1   1   6   1   5  10   1   2   2   4   6  22   0   2  13  0.37 0.31
  147 P    -1  -1   0   0  -2  -1  -1  -1   1  -3  -3  -1  -2  -2   6  -1  -2  -1   0  -2    5   4   5   6   1   3   4   6   3   2   3   4   1   2  35   6   3   1   3   3  0.64 0.48
  148 G     0  -2  -1  -1   0  -2  -1   5   2  -3  -2  -2  -2  -1  -2  -1  -2  -2  -2  -2    7   2   3   3   2   2   4  43   5   2   4   2   1   2   3   5   3   1   2   3  0.69 0.35
  149 H    -5  -2  -2  -2  -5  -2  -1  -4  10  -5  -5  -3  -5  -3  -3  -2  -2  -4  -1  -5    2   2   2   3   0   2   4   2  64   1   2   2   0   1   2   3   3   0   2   1  2.51 1.25
  150 T     0  -2   0  -1   1  -4  -2  -1   0  -1  -3  -3  -1  -2   0   2   4   0  -2  -2    8   3   5   4   3   1   3   5   2   4   4   2   2   2   5  16  26   2   1   4  0.43 0.36
  151 R     0   0  -1   1  -2  -1   0  -1  -1   0  -2   0  -1  -1   4   0  -1  -1  -2   0    7   5   4   8   1   3   6   5   2   4   5   5   2   3  22   7   3   1   2   6  0.26 0.24
  152 G    -2  -2   0   3  -1  -1   0   5   1  -3  -4  -2  -2  -4   0  -1  -2  -2  -1  -4    4   3   5  15   1   3   7  34   3   2   2   3   1   1   5   5   2   1   2   2  0.60 0.43
  153 C     0  -4   1   0   2   0  -1   0   5  -3  -4  -3   0  -4  -2   4   0   1  -3  -3    8   1   7   6   4   4   4   7  13   2   2   1   2   1   3  25   7   2   1   2  0.54 0.42
  154 T    -1  -4  -1  -5   3  -1  -5  -4   0   3   2  -5   3   1  -4   0   1  -1   1   2    5   1   3   1   5   3   1   2   2  14  17   1   6   6   1   6   9   1   5  13  0.41 0.27
  155 T     2  -5  -3  -5   4  -4  -5   3  -3   0  -2  -5   2  -2  -6   2   0   0  -2   1   13   1   1   1   7   1   1  22   1   6   5   1   4   2   0  16   5   1   2  11  0.55 0.40
  156 W    -2  -5  -7 -10  -1  -6  -6  -5  -4   2   2  -6   0   5  -4  -4  -2   3   5   2    4   1   0   0   1   0   1   1   0   9  17   1   2  20   1   2   3   3  19  13  1.01 0.58
  157 T    -2   1  -5  -5  -3  -3  -2  -4   1   2   2   0   0   2  -6  -3  -2   4   4   1    4   8   1   1   1   1   4   2   3   9  18   6   2   7   0   3   3   4  12  11  0.41 0.27
  158 M    -2  -4  -4  -1  -1  -5  -3  -5  -1   4   2  -6   0   4  -7  -4  -2   1  -1   3    4   1   1   5   1   1   2   1   1  23  17   1   2  13   0   1   2   2   2  18  0.77 0.43
  159 K    -3   1   0   1  -3   0   3  -2   1  -2  -4   1  -2  -3   3   0   1  -1  -2  -2    3   8   4   7   1   4  17   3   3   2   2   8   1   2  13   6   8   1   2   3  0.32 0.30
  160 L     0   0   0   2  -1   0   1  -1   0   0  -1   0  -1  -1  -1   0   1   0   0  -1    7   4   4  10   1   5  10   6   2   5   6   5   1   3   3   8   8   1   3   5  0.05 0.06
  161 K     0   0   1   2  -1   0   2   1   1  -2  -2   0  -2  -3   1   0   0  -3  -1  -2    6   5   6  12   1   4  12  12   3   2   4   7   1   1   6   7   5   0   2   3  0.16 0.15
  162 D     0   0   1   2  -1   0   0   1   0  -1  -1   0  -1  -1   0   0   0   0   0  -1    7   4   6  10   1   4   7   9   2   4   6   7   2   3   5   7   6   1   3   5  0.04 0.02
  163 H     0   0   0   0   0   0   0   1   0  -1  -1   0   0   0   0   0   0   0   0   0    6   5   4   6   2   4   7  11   3   4   7   6   2   3   5   7   6   1   3   6  0.03 0.00
  164 G    -1   0   1   1  -1   0   0   3  -1  -1  -1   1  -1  -1   0   0  -1  -1  -1  -1    6   5   6   7   1   4   6  22   1   3   6   7   1   2   4   6   4   1   2   4  0.16 0.08
  165 K     0   0   0   0   0   0   0   0   0   0   0   0   0   0   0   0   0   0   0   0    7   5   5   5   2   4   7   8   2   6   8   6   2   4   5   7   6   2   3   7  0.02 0.13
  166 Q     0   0   0   0   0   0   0   0   0   0   0   0   0   0   1   0   0   0   0   0    7   5   4   5   2   4   6   8   3   5  10   6   2   3   5   7   7   1   3   6  0.02 0.13
  167 Y     0   1   0   0   0   0   0   0   1   0  -1   1  -1   1   0   0   0   0   0   0    6   8   3   4   2   4   6   9   4   5   7  11   2   6   5   5   5   1   4   6  0.04 0.02
  168 Q    -2   3   1   0  -1  -1  -1   0   0  -3  -4   3  -2  -5  -1   1   2  -1  -3  -1    4  13   6   6   1   3   4   8   2   2   2  16   1   1   3  11  10   1   1   4  0.31 0.27
  169 A     0  -4  -4  -5   1  -5  -5  -4  -2   4   2  -5   1   2  -7  -3  -1   0   1   3    8   1   1   1   2   1   1   2   1  21  17   1   3   8   0   3   4   2   4  21  0.68 0.39
  170 V     1  -5  -6  -3   0  -5  -6  -2  -5   1   4  -6   1   2  -7  -4  -3   1   2   2   10   1   0   2   2   1   1   3   0   8  35   0   3   8   0   1   2   2   6  15  0.74 0.45
  171 I    -4  -6  -3  -7  -1  -5  -8  -6   3   2   1 -10   0   6  -7  -5  -4   0   5   1    2   1   1   0   1   1   0   1   7  11  13   0   2  31   0   1   1   1  15   8  1.27 0.69
  172 I     2  -5  -3  -5   3  -4  -5   0  -2  -1   0  -6   1   0  -2   2   4   0  -3   1   16   1   1   1   5   1   1   7   1   4   8   0   3   4   2  16  20   1   1   8  0.48 0.39
  173 G     0  -4  -2  -2  -2  -6  -7   6  -2  -6  -7  -6  -5  -5  -2   1  -1  -2  -7  -4    8   1   2   3   1   0   0  60   1   1   1   1   0   1   3  10   4   1   0   2  1.49 0.88
  174 S    -3  -5  -1   8  -2  -5  -3  -2  -2  -5  -8  -5  -4  -6  -5  -2  -4 -11  -5  -5    3   1   3  73   1   1   2   4   1   1   1   1   1   1   1   3   1   0   1   1  2.24 1.20
  175 I     2  -4  -1  -3   2  -3  -4  -3   2   1   2  -5   1   0  -4   0   3  -2  -1   0   14   1   3   2   4   1   1   2   4   6  16   1   3   4   1   7  20   1   2   7  0.39 0.30
  176 G     0  -1  -1  -2   0  -2  -1   0  -1   2   1  -1   0   2  -2  -1  -1   0   0   2    7   4   3   3   2   1   4   9   2  10  15   3   2   7   2   5   4   1   3  13  0.09 0.07
  177 V    -1  -2  -1  -2   0  -1  -2  -1   2   0   1  -2   1   3   1  -1  -2   3   3   0    5   3   3   2   2   3   3   6   5   5  12   2   4  12   7   6   3   4   9   6  0.22 0.17
  178 N    -1  -1   1   0   1  -1   0   0   2   0  -1  -1  -1   0   1   0   1   0  -1   0    6   3   7   6   3   3   5   7   5   6   6   4   2   4   8   9   8   1   2   6  0.05 0.06
  179 P     0   0   0   1  -2  -1   1   1   1  -2  -1   0   0  -2   2   0   0  -1   0  -1    7   6   4   7   1   3   9  10   3   2   5   5   2   2  11   8   5   1   3   4  0.11 0.13
  180 G     0   0   0   1  -1   0   1   1   0   0  -1  -1   0  -1   0   0   0  -1   0  -1    7   6   5   8   1   3  11  12   2   5   5   4   2   3   5   8   6   1   3   4  0.06 0.07
  181 A     0  -1  -1   0   0   0  -1  -1   1   1   1  -1   1   1   1   0   0   1   0   1    7   3   3   5   3   3   4   4   5   8  12   3   4   6   7   5   5   2   3   9  0.04 0.03
  182 K     0  -1   2   0  -3   0   1   1   0  -1  -1   0  -1  -2   2   0  -1  -1  -2  -1    7   4   8   6   1   4   9  13   2   3   7   5   1   2   9   7   4   1   1   5  0.10 0.11
  183 L     0   0  -1  -1  -2   0   0  -2   0   1   1  -1   0   3  -1  -1  -1   3   2   0    6   6   3   3   1   4   5   3   2   8  14   4   2  10   3   4   4   4   6   7  0.11 0.08
  184 V     0  -1  -2  -1  -1  -1   0  -1   0   1   1  -2   1   2  -1  -1   0   2   2   0    7   3   2   3   1   3   6   5   2   8  16   3   3   8   4   5   5   3   7   7  0.10 0.07
  185 D     0   1   0   1  -2   0   0   1   1  -2  -2   1  -1  -2   2   0   0  -1  -1  -2    8   7   5   7   1   4   7  12   3   3   5   7   2   2   9   7   6   1   2   3  0.09 0.08
  186 N    -1  -1   0   0  -1   0   0   0   0   1   0   0   0   1   1  -1  -1   3   1   0    5   4   5   7   1   4   5   9   2   8   9   5   2   6   6   5   3   4   5   6  0.04 0.03
  187 I     1   0   0   0   1  -1  -1   0  -2   0  -1  -1   0   0   2   0   1  -1  -1   0   11   5   4   6   3   2   4   8   1   6   6   3   2   4  10   6   9   1   2   8  0.06 0.06
  188 T     0  -1   0   3   0  -1   0   1   0  -1  -1  -1  -1  -1   1   0   1   0  -1  -1    8   4   5  16   2   2   6  10   2   3   6   4   2   3   7   6   7   1   2   4  0.13 0.12
  189 Y    -1  -1  -1  -1  -2  -2  -2  -1   0   0   1  -2   1   4   1  -2  -1   3   3   0    5   4   3   4   1   2   3   5   2   6  12   3   3  13   7   4   4   3  10   7  0.22 0.16
  190 P     0  -1   0   2   0   0   0   1   2  -1  -2  -2   0   0   3   0   0  -1   0  -2    7   4   4  10   2   3   7   9   5   3   5   2   2   4  13   6   6   1   3   3  0.14 0.14
  191 K     0   1   0   0   0  -1   1   1   1  -2  -2  -1  -1   0   0   0   0   2   1  -1    7   6   4   6   2   2   8  13   3   3   4   4   1   4   6   8   5   2   5   4  0.07 0.08
  192 I    -1  -1   2   4  -1  -2  -2   0   0  -2  -2  -2  -1  -1   0   2  -1   0   1  -2    5   3  10  22   1   2   3   8   2   3   4   3   2   3   5  12   4   1   4   3  0.32 0.27
  193 A     0  -1  -1  -3  -3  -2  -2  -2   5   1   1  -1   1  -1   1  -2   1   0   0   1    7   4   3   2   1   2   3   3  14   6  12   3   3   3   8   3   8   1   3   9  0.28 0.22
  194 E     1   0  -1   1  -2   0   2  -1  -1  -1   0   1   3  -2   0   1   0  -2  -3  -2   10   5   3   7   1   3  12   5   1   3   9   8   8   2   4   9   5   1   1   3  0.13 0.15
  195 D     1  -1   1   2  -1   2   1  -1   0  -2  -1   0  -1  -4  -2   1   2  -3  -3  -2   10   4   7  11   1   8  10   6   3   2   5   5   2   1   2  10  11   0   1   2  0.19 0.20
  196 Y     1  -3  -4  -5  -2  -1  -3  -4  -1   0   1  -4   2   2   1  -2  -1   6   4   0   12   2   1   1   1   3   2   2   2   5  13   1   5   7   6   4   4  10  14   6  0.53 0.37
  197 K     0   1  -1   0  -3   0   1  -3   0   1   1   1   1   0  -1  -1  -2   0   1   0    7   9   3   4   1   4  11   2   2   9  14   7   3   4   3   4   2   1   4   5  0.11 0.10
  198 H     1   2   0   2  -4   2   3  -3   0  -3  -4   2  -1  -5  -5   0  -1  -4  -3  -4   11   9   5  11   0   9  19   3   2   2   2  10   2   1   1   6   4   0   1   2  0.44 0.36
  199 S     3  -3  -1  -3  -2  -4  -3  -2  -3  -1  -1  -3  -1  -2  -5   4   2  -2  -2   0   20   1   3   2   1   1   2   4   1   4   6   2   1   2   1  28  13   1   1   6  0.57 0.44
  200 I     0   0  -5  -6  -2  -4  -4  -3  -3   4   4  -3   2   0  -6  -4  -2   0  -1   1    8   5   1   1   1   1   1   3   1  17  36   2   4   3   1   2   3   1   2   8  0.69 0.41
  201 K     0   3   0   2  -4   2   3  -3  -1  -3  -4   3  -2  -4  -4  -1  -1  -4  -2  -4    7  12   5  12   0   8  18   3   2   2   3  14   1   1   1   4   4   0   1   2  0.47 0.37
  202 V     0   3  -1  -2  -2   0   0  -4  -1   0   0   3   1   0  -5  -2  -1   1  -1  -1    8  16   3   3   1   3   5   2   2   5  10  18   3   3   1   4   5   2   2   5  0.29 0.23
  203 L     1  -4  -5  -9  -1  -4  -6  -5  -3   4   4  -5   2   1  -6  -4  -3  -1  -2   2   13   1   1   0   1   1   1   1   1  18  33   1   5   5   0   2   2   1   2  11  0.82 0.47
  204 E     1   2  -1  -1  -3   1   1  -3  -1   0   1   3   0  -1  -3   0  -2  -2  -1  -2   10  11   3   4   1   5   8   3   1   5  14  15   2   2   2   6   3   1   2   3  0.19 0.18
  205 S     1   1   1   1  -2   1   2  -1  -1  -2  -3   2  -2  -4  -2   1   0  -3  -3  -4   13   8   5   9   1   6  13   5   2   2   4  11   1   1   2   9   6   0   1   2  0.24 0.23
  206 M    -1  -1  -3  -4  -1  -2  -1  -4  -1   2   4  -1   3   1  -2  -2  -2  -1   1   0    6   4   1   1   2   2   4   2   1   9  33   3   5   6   2   3   3   1   5   6  0.41 0.27
  207 R    -1   1   2   3  -2   0   1   2   1  -5  -4   2  -2  -5   2  -2  -2  -7  -4  -5    5   7  10  14   1   4   9  13   3   1   2  11   1   1  10   4   2   0   1   1  0.40 0.32
  208 C     2  -3  -1   0   0  -4  -1  -2  -2   1  -2  -1  -3   1   4  -2  -2   0  -1   2   15   2   3   6   2   1   4   3   1   8   4   3   1   6  20   4   2   2   2  12  0.37 0.29
  209 D    -1   1   1   4  -3   0   2  -1   0  -4  -3   3  -4  -5  -3   0   0  -3  -3  -3    5   8   6  19   1   4  12   5   2   1   3  17   1   1   2   6   6   1   1   2  0.46 0.35
  210 I    -1   1  -2  -4  -2   0  -2  -4   1   2   1   1   1  -1  -3  -2   1   2   1   1    6   9   2   1   1   4   2   1   3  10  14   8   3   3   1   3  10   3   5  11  0.23 0.18
  211 F    -1  -5  -6  -7   0  -7  -6  -5  -3   5   3  -7   1   1  -5  -5  -2  -2  -1   4    6   1   1   0   2   0   1   1   1  24  23   0   3   5   1   1   2   1   2  25  0.97 0.54
  212 L    -1  -7  -6  -6   2  -6  -7  -4  -1   4   3  -7   0   3  -7  -5  -4   0   4   3    6   0   0   0   3   0   0   2   2  19  21   0   2  10   0   1   1   1  11  18  0.89 0.50
  213 G    -1  -6  -5  -7   1  -5  -6  -1  -2  -1   1  -5  -2   0   6   0  -1  -2  -1  -2    6   1   1   0   3   1   1   5   1   3  11   1   1   5  43   6   5   1   3   3  1.04 0.71
  214 S     1  -5  -2  -2   0  -3  -3   5  -1  -1  -6  -6   1  -2  -3   1   2  -3  -1  -2   11   1   3   2   2   1   2  38   1   3   1   0   3   2   2  11  10   0   3   3  0.73 0.51
  215 H    -5  -4  -4  -6  -4  -4  -8  -4  11  -7  -8  -7  -5  -4 -12  -4  -6  -3  -2  -8    2   1   1   1   0   1   0   2  83   0   1   0   0   1   0   2   1   1   2   0  3.85 1.78
  216 A    -3  -2  -2   1  -2  -3  -2   5   2  -2  -1  -4   0   2  -2  -3  -1   1   2  -4    3   3   2   9   1   2   3  35   5   3   6   1   3   8   2   3   4   2   6   2  0.59 0.40
  217 G     0   0   1   1  -2  -1   1   1   0  -3  -3   0  -2  -1   3   0   0   1   1  -3    7   5   6   7   1   2   8  12   2   2   3   5   1   3  13   8   5   2   5   3  0.19 0.19
  218 M     0  -3  -2  -1  -1  -1  -1  -2   1   0  -1  -2   0  -1   5  -1   0   0  -1   1    9   2   2   4   1   3   4   4   3   6   6   3   3   3  25   5   5   1   2   9  0.35 0.29
  219 F    -1  -2  -1  -1   0  -1  -1   0   0   2   0  -2   0   3   0  -1   0   2   1   1    5   3   3   4   2   3   5   6   2  10   8   3   2  11   5   5   7   3   4   9  0.09 0.08
  220 D    -1   1   2   2  -2  -1   0   0   0  -2  -2   0  -1   0  -1   0   1   0   0  -2    6   6   9  13   1   3   6   8   3   2   4   6   2   4   3   8   9   1   3   3  0.13 0.13
  221 L     0  -1   0   0  -1  -1  -1   1   0   0   1  -1   1   0   1  -1  -1   0   0   1    6   3   4   6   1   2   3  14   2   5  13   4   3   4   6   4   4   2   3   9  0.05 0.05
  222 K     1   1   0   1  -2   0   0   0   1   0  -1   1  -1  -1   0   0  -1   0  -2  -1   10   8   3   8   1   4   7   8   4   5   7  10   1   3   4   6   3   1   1   4  0.07 0.08
  223 N     1   0   1   2  -4   2   3  -1  -2  -2  -3   0  -3  -4  -1   1   0  -2  -2  -2   11   5   5  12   0   7  17   5   1   2   3   7   1   1   3   9   6   1   2   3  0.27 0.24
  224 K     0   3  -1  -1  -3   0   2  -4  -1  -1   0   1   0   0  -3  -2   0   0  -1   0    8  13   3   3   1   4  15   1   2   4  10   8   2   4   2   3   7   1   2   6  0.19 0.17
  225 Y     0  -2  -7  -7   0  -3  -5  -5  -4   5   3  -2   1   0  -4  -5  -3  -2  -2   2    8   3   0   0   2   2   1   1   1  27  25   3   3   4   1   1   2   1   1  15  0.83 0.42
  226 V     1   2   0   2  -3   1   2   0  -2  -2  -2   1  -1  -3  -3   0  -1  -5  -2  -1   10   9   5  12   1   7  12   6   1   2   4  10   2   1   2   6   5   0   2   4  0.20 0.17
  227 L     1   2   0   1  -2   2   3  -3   1  -2  -2   0  -3  -2  -2  -1  -1  -1   1  -3   11  11   4   7   1  10  17   2   3   3   4   6   1   2   2   5   5   1   5   2  0.29 0.24
  228 L    -2  -1  -2  -2  -3  -1   0  -4   0   3   3  -2   2   0  -5  -2   0  -1   2   1    4   3   2   3   1   3   6   2   2  13  25   2   4   4   1   3   5   1   6   9  0.32 0.19
  229 S     0   2   0  -1  -2   1   0  -1   0   1   1   1   0   0  -2  -1  -1   0  -1   0    7  10   4   3   1   6   5   5   2   8  18   7   2   3   2   5   3   1   2   5  0.06 0.06
  230 K     0   1   0   0  -2   1   2  -1   1  -1  -1   1  -1   0   0   0   0   0  -1  -1    8   7   5   4   1   6  18   4   3   3   5   8   2   4   5   6   6   1   2   4  0.10 0.07
  231 G    -1   2   1   1  -3   0   0   1  -1  -1   0   2  -1  -2  -1  -1   0  -3  -1  -2    6  14   7   7   0   4   6  10   1   5  10  16   2   1   2   3   4   0   3   2  0.14 0.14
  232 Q     1   2   0   1  -1   1   0  -1   0  -2   0   2   0  -2  -2   0   0  -3   0  -2   14  11   4   8   1   7   6   4   2   2   9  12   2   1   2   5   5   0   3   2  0.11 0.13
  233 N     0   0   1  -1  -1   1   0   0   1  -1  -1   1  -2   1   1   0   0   0   1  -1    6   4   8   2   2   7   7   6   4   3   5   8   0   7   7   8   6   1   6   4  0.07 0.10
  234 N    -1  -1   7  -1  -6  -1   0  -1   1  -2  -5  -2  -3  -4  -1   0  -2  -2   0  -4    4   4  49   3   0   2   6   4   3   3   1   2   1   1   3   5   3   1   3   1  1.00 0.61
  235 P     0   1  -2  -2  -5  -2  -1  -2   0   1  -2  -1  -2  -2   6  -2  -1   1  -1  -1    8   9   1   2   0   1   4   3   3   8   4   4   1   2  35   2   4   2   2   5  0.62 0.44
  236 F     0  -1  -1  -2  -4  -3  -2   0   0   1   0  -2   1   5  -3  -1  -2   1   2  -1   10   3   4   2   0   1   2   6   2   7   8   3   3  28   1   4   2   2   8   4  0.36 0.29
  237 V     0  -2  -1  -2  -1  -1  -1  -2   0   1   2  -1   2   1  -1  -1  -1  -1   0   2    7   1   3   1   1   3   3   3   2   7  27   3   5   6   3   3   3   1   2  14  0.16 0.17
  238 D     0   2   0   2  -4   1   1  -1   0  -1  -2   1   0  -1  -2   0   0  -4  -1  -2    7  13   5  15   0   7   7   4   2   4   4   9   2   3   2   6   5   0   2   2  0.17 0.17
  239 P     1   0  -1  -1  -1   1   1   1   0   0  -2   0  -1  -2   2   0   0  -2  -3   0   16   4   2   3   2   7   8   9   2   7   3   4   1   2   9   7   5   1   0   7  0.10 0.12
  240 T     0  -1   0   2  -3   1   1   0  -1   0   0   0   0  -3   0   0   1  -3  -1   0    8   2   3  11   0   7   8   8   1   6   8   7   3   0   3   7  10   0   2   5  0.08 0.10
  241 G     1  -1   1   3   0  -2   0   1  -1  -2  -3  -1  -3  -2  -1   1   2  -4  -1  -3   12   3   8  19   2   1   5   9   2   2   2   2   0   1   3  10  16   0   2   1  0.29 0.26
  242 C     1   1  -1  -3   1  -1   0  -1  -2  -1   0   1   0   2   0   0  -1   4   1   0   13   8   2   1   3   1   5   4   0   2   7   8   3   9   5   5   2   7   6   7  0.13 0.15
  243 K     1   0   0   3  -4   0   3  -1  -1  -4  -1   1  -3  -2  -1   0  -1  -1  -2  -2   12   6   4  15   0   4  21   4   1   0   6   9   0   1   3   7   2   1   1   3  0.27 0.25
  244 N     1   2   0   3  -5   2   4  -1   0  -5  -3   0  -4  -5  -2  -2  -2  -5  -2  -3   12  13   4  14   0   8  29   4   2   0   3   4   0   0   2   1   1   0   1   2  0.53 0.40
  245 Y    -1  -1  -5  -6  -1  -2  -3  -3  -4  -1   1  -3   0   7  -3  -5  -4   0   4   0    5   3   0   0   1   2   2   3   0   3  11   2   2  41   1   0   0   1  14   8  0.97 0.54
  246 I    -1  -1  -3  -3   1  -2  -3  -4   0   3   2   0   4   0  -4  -2  -1  -3   1   2    5   3   1   2   3   1   1   1   2  18  19   7  12   4   0   2   3   0   6  12  0.31 0.25
  247 E     1   2   1   2  -4   2   2  -1   0  -4  -2   1  -3  -4  -3   0   0  -5  -4  -2   14  11   7  15   0  10  12   4   3   0   5   6   0   0   0   4   6   0   0   2  0.29 0.25
  248 Q     0   0  -1   0  -3   1   0  -1   0   0  -1   0   0   1  -3   0   0   3   1   0    6   6   2   7   0   5   7   5   3   5   6   6   1   8   0   7   7   4   6   9  0.05 0.08
  249 K     0   1  -2  -3  -2   0  -1  -4  -3   1   2  -1   4  -1  -1  -2  -2  -4  -1   1    9  11   2   1   1   3   5   0   0   9  21   4  14   2   3   2   0   0   2  12  0.26 0.25
  250 A     0   2   1  -1  -3   0   0  -2  -2   0   1   1   1  -1  -2   0   0  -1  -1   0    9  15   6   2   0   2   8   2   0   8  13  12   4   1   1   5   5   1   2   5  0.10 0.13
  251 N     2   2   1   1  -4   2   2  -1   1  -4  -2   2  -3  -4  -2   0   0  -4  -3  -3   18  11   6   9   0   8  14   4   4   0   4  12   0   0   1   4   5   0   0   0  0.28 0.23
  252 D     1   2   0   1   1   0   0  -2   1  -2   0   1  -1  -1  -1   0  -1  -3  -1  -1   11  14   5   8   4   4   7   1   4   0  11  10   1   3   3   9   2   0   1   3  0.11 0.12
  253 F     0  -3  -2  -3   0  -3  -3  -3   2   0   2  -2   1   3  -4  -2  -1   2   4   0    8   0   2   1   2   0   1   2   5   5  24   3   3  14   0   2   2   3  16   6  0.32 0.23
  254 Y    -1   0   0   1  -3   0   2  -1  -2  -2   0   1   0  -2   3  -2  -1  -3   1   0    3   4   4   9   0   2  20   5   0   0  12   8   3   0  15   0   3   0   5   7  0.22 0.19
  255 T     2  -1   1   3  -4   2   2   0  -2  -4  -3   2  -3  -4  -1  -1   0  -4  -3  -3   18   0   5  16   0  10  12   7   0   0   3  18   0   0   2   2   4   0   0   0  0.35 0.26
  256 E     0   3   0   0  -1   1   1  -2   0  -2   0   1   1  -3   0  -1  -1   0   0  -2    8  22   4   4   2   7  13   2   2   0   9   6   4   0   4   3   2   2   4   3  0.17 0.16
  257 L    -2   2  -4  -4  -3   0  -1  -2  -3   3   3  -1   2  -2  -4  -3  -3   1   0   0    2  15   0   0   0   3   3   4   0  20  34   2   7   0   0   0   0   2   4   4  0.38 0.26
  258 K     3   1   2   0  -3  -1   2  -2   0  -2  -2   1  -2  -3   0   1  -2  -4   0  -2   30   9   9   3   0   0  14   0   2   3   3   9   0   0   4  10   0   0   4   0  0.27 0.22
  259 K     0   2   1   0  -4   0   2  -3  -2  -3  -3   4  -3  -4   1   1  -2  -4  -3   0    8   9   7   3   0   0  19   0   0   0   0  32   0   0   6   9   0   0   0   8  0.40 0.23
  260 Q     0   0   1   0  -3   1   3  -1  -2  -2  -1   0  -2   0   1   0  -1  -3  -2   0   10   3   8   4   0   8  25   3   0   0   5   4   0   4   8   7   0   0   0  10  0.19 0.14
  261 E     0   2  -1   1  -3   1   2  -2  -1  -1  -2   1  -2   0   0   1  -1  -3  -2   1    5  18   0   6   0   4  21   0   0   0   0   5   0   6   5  14   0   0   0  16  0.21 0.12
  262 T     3  -2  -2  -2  -2   0   0  -2  -1  -2  -1  -2  -1   2  -2   0   0  -2   3  -1   46   0   0   0   0   6   6   0   0   0   6   0   0  13   0   6   5   0  12   0  0.29 0.14
  263 G     2   2  -1  -1  -2   0   2   2  -1  -3  -2   0  -2  -3  -2   0  -1  -3  -2  -2   39  21   0   0   0   0  20  19   0   0   0   0   0   0   0   0   0   0   0   0  0.29 0.02

                      K         Lambda
PSI Ungapped         0.1154     0.3173
PSI Gapped           0.0353     0.2670
